4
0
1
9
4 6
4 7
4 8
4 9
5 7
6 9
6 7
8 8
8 10
13
1 1 1 1 1 1 1 1 1 1 1 1 1 
1 1 1 1 1 1 1 1 1 1 1 1 1 
1 1 1 1 1 1 1 1 1 1 1 1 1 
1 1 1 1 1 1 1 1 1 1 1 1 1 
1 1 1 1 1 1 3 2 3 2 1 1 1 
1 1 1 1 1 1 1 3 1 1 1 1 1 
1 1 1 1 1 1 1 3 1 2 1 1 1 
1 1 1 1 1 1 1 1 1 1 1 1 1 
1 1 1 1 1 1 1 1 2 1 3 1 1 
1 1 1 1 1 1 1 1 1 1 1 1 1 
1 1 1 1 1 1 1 1 1 1 1 1 1 
1 1 1 1 1 1 1 1 1 1 1 1 1 
1 1 1 1 1 1 1 1 1 1 1 1 1 
0
3
1
1
12
6 9
6 7
8 8
8 10
4 3
2 5
1 2
4 1
7 2
8 5
9 6
10 10
13
1 1 1 1 1 1 1 1 1 1 1 1 1 
1 1 2 1 1 1 1 1 1 1 1 1 1 
1 1 1 1 1 3 1 1 1 1 1 1 1 
1 1 1 1 1 1 1 1 1 1 1 1 1 
1 3 1 2 1 1 3 2 3 2 1 1 1 
1 1 1 1 1 1 1 3 1 1 1 1 1 
1 1 1 1 1 1 1 3 1 2 1 1 1 
1 1 2 1 1 1 1 1 1 1 1 1 1 
1 1 1 1 1 3 1 1 2 1 3 1 1 
1 1 1 1 1 1 2 1 1 1 1 1 1 
1 1 1 1 1 1 1 1 1 1 3 1 1 
1 1 1 1 1 1 1 1 1 1 1 1 1 
1 1 1 1 1 1 1 1 1 1 1 1 1 
0
3
2
0
4
4 6
4 7
5 7
6 6
13
1 1 1 1 1 1 1 1 1 1 1 1 1 
1 1 1 1 1 1 1 1 1 1 1 1 1 
1 1 1 1 1 1 1 1 1 1 1 1 1 
1 1 1 1 1 1 1 1 1 1 1 1 1 
1 1 1 1 1 1 3 2 1 1 1 1 1 
1 1 1 1 1 1 1 3 1 1 1 1 1 
1 1 1 1 1 1 2 1 1 1 1 1 1 
1 1 1 1 1 1 1 1 1 1 1 1 1 
1 1 1 1 1 1 1 1 1 1 1 1 1 
1 1 1 1 1 1 1 1 1 1 1 1 1 
1 1 1 1 1 1 1 1 1 1 1 1 1 
1 1 1 1 1 1 1 1 1 1 1 1 1 
1 1 1 1 1 1 1 1 1 1 1 1 1 
0
2
3
1
9
4 6
4 7
5 7
6 6
6 8
7 8
7 4
5 2
3 2
13
1 1 1 1 1 1 1 1 1 1 1 1 1 
1 1 1 1 1 1 1 1 1 1 1 1 1 
1 1 1 1 1 1 1 1 1 1 1 1 1 
1 1 3 1 1 1 1 1 1 1 1 1 1 
1 1 1 1 1 1 3 2 1 1 1 1 1 
1 1 2 1 1 1 1 3 1 1 1 1 1 
1 1 1 1 1 1 2 1 3 1 1 1 1 
1 1 1 1 3 1 1 1 2 1 1 1 1 
1 1 1 1 1 1 1 1 1 1 1 1 1 
1 1 1 1 1 1 1 1 1 1 1 1 1 
1 1 1 1 1 1 1 1 1 1 1 1 1 
1 1 1 1 1 1 1 1 1 1 1 1 1 
1 1 1 1 1 1 1 1 1 1 1 1 1 
0
2
